4
5
814
8
9
10
10
11
12
12
976
976
12
13
14
15
132
1708
1172
18
18
19
20
20
21
22
23
24
441
26
27
28
30
31
703
34
635
692
37
37
37
37
36
37
692
692
37
692
38
39
39
40
41
42
1206
1209
43
43
44
45
1086
46
23
51
52
54
2342
56
57
58
58
59
505
61
63
64
65
631
631
971
67
68
68
68
69
70
71
72
72
73
72
74
75
75
2626
2627
76
77
78
386
79
80
80
81
82
83
84
80
85
1279
88
89
90
91
1279
92
93
1279
1275
98
1047
1847
2590
95
96
97
98
99
99
100
101
102
102
102
104
103
104
104
104
105
105
106
107
108
109
110
111
112
113
114
115
116
117
118
119
120
121
122
123
124
125
128
128
129
128
128
129
130
130
130
130
130
130
130
130
130
131
1493
1492
2628
2629
2630
2631
2632
1523
669
635
2633
2634
2635
1555
1547
2636
646
1556
1557
2420
2637
1147
2638
2423
2639
1581
1129
2640
2641
2642
2643
2644
2645
2646
1630
1644
1648
407
2428
844
1658
617
617
617
617
2424
2424
158
1666
1666
1667
1668
1672
1672
1673
563
762
1680
1688
1691
1691
1691
1693
1694
1344
1697
1699
1700
1701
1702
1231
1231
1231
1231
1231
1231
339
2647
2648
2431
2432
2649
1711
1715
2435
1166
2437
2440
2441
2441
2441
2441
1336
1723
1724
2650
2651
2446
2446
1728
240
711
290
290
291
1731
1742
1743
2652
195
1753
1085
1756
1756
1759
856
2452
6
1763
1764
1123
2653
1761
1765
1765
2654
2454
2655
2450
2450
740
740
1009
946
963
963
963
963
963
963
964
964
2455
2455
2455
851
1775
1776
2656
1777
1778
1779
1781
2464
2657
2467
1783
1784
1784
1784
1784
1785
1786
1787
2456
2456
2458
2459
2460
2461
2462
2463
2466
1791
911
1792
1792
1792
140
278
278
278
278
278
278
1794
1794
1795
1802
1803
1804
2658
1805
1806
1807
1807
1807
2474
1808
749
749
749
1351
2468
2469
2470
2471
2473
1817
1813
919
530
2484
360
360
360
360
1815
1815
1816
295
295
294
2476
2477
2479
2480
2480
2480
2480
2480
189
2481
1820
795
795
1395
1821
1822
1823
199
1824
1824
1824
1824
1824
62
1829
1829
1829
1828
1830
1831
1833
1834
1835
1836
1837
1837
1838
1838
1838
1839
1339
1843
1843
1844
1845
1846
1847
1842
1848
1850
1851
2659
2660
1852
1853
2487
2488
1858
1859
1860
177
183
1468
126
126
126
1861
1861
1861
2491
2492
933
2493
2494
1856
1857
1857
1857
1857
1857
1862
1864
2502
1880
2495
2496
2497
2501
2498
2505
1887
2506
1888
821
696
1889
1890
1891
1891
1892
1893
2503
2503
2503
2504
2504
2661
1901
2662
2663
2511
1910
1911
2510
1912
2664
2665
2666
1914
1915
1915
2508
871
1919
2667
2668
1920
2512
2513
1923
1926
1475
1931
1932
1933
1933
792
1934
2669
2670
1936
1937
380
1938
1938
2520
1254
1958
1957
1966
1966
2671
2672
1966
1971
1971
1972
1972
1973
1974
94
94
94
94
94
94
1979
1980
1981
1982
1984
1985
1987
435
1992
841
1047
1047
1993
1994
1994
1994
1994
1994
1995
1295
377
377
1996
1999
2000
2000
2000
1364
2001
2002
2002
2003
2003
2003
2004
960
437
2005
2524
2006
2007
2523
2523
2523
449
449
449
449
449
2013
2527
843
2011
878
878
2016
2016
2526
2526
361
361
677
2018
2019
2019
2020
2020
2021
2021
2022
362
364
364
364
364
764
2528
2530
614
2025
2025
564
2026
2027
2028
2028
2029
2030
2030
2673
2039
679
679
1405
2040
2047
2674
2049
2540
2051
2051
2058
2541
2541
2542
2542
2675
2538
2539
2676
2677
2064
2678
2679
2680
2544
217
2545
2066
2067
2068
2068
2069
2543
922
2073
2073
2075
454
2079
2079
2079
2079
2079
2681
556
2546
2546
2088
214
55
2090
2091
1353
2552
2096
2682
2097
643
2683
643
2098
2099
2100
1478
1478
616
2549
2550
2110
2110
2111
2111
622
2115
2556
2684
2127
2128
1037
2685
2686
2130
2134
611
2135
2687
2688
2136
2689
2690
2691
2143
859
859
2144
2146
2569
2570
2570
1132
2572
2692
2693
270
2694
2285
2612
2695
1354
2696
1354
2697
2698
2699
2700
462
2701
2366
671
671
133
792
792
134
135
135
136
483
137
141
141
141
142
143
144
145
145
145
2402
147
149
150
150
150
150
151
877
152
1391
153
155
157
160
161
161
161
1748
162
162
163
2702
165
165
165
165
165
164
165
167
167
168
169
606
364
363
894
894
894
894
894
894
894
174
175
176
181
181
181
181
181
178
179
180
180
854
1352
1352
854
1352
1352
1126
184
1126
184
185
314
314
186
186
186
186
186
191
192
193
193
195
196
197
198
198
200
890
202
202
202
203
203
204
206
207
1471
1471
209
209
968
210
211
211
211
211
212
213
1073
215
215
215
216
216
216
216
218
220
221
2506
222
223
224
225
226
227
228
232
126
237
238
1509
239
241
242
243
244
245
246
246
247
247
248
249
249
249
250
250
250
250
250
256
251
252
252
253
913
254
254
254
255
256
252
256
257
258
525
256
256
259
260
261
262
263
264
265
265
98
98
266
267
777
2017
2284
1
1434
268
269
271
119
272
273
746
277
860
279
977
431
280
282
282
283
283
283
283
284
285
286
2703
287
287
289
293
294
295
296
298
726
299
300
301
297
424
2704
307
308
308
308
309
310
2394
1511
1202
311
311
309
312
2394
313
836
315
315
315
315
315
316
1121
317
318
303
894
319
321
320
321
322
323
327
1482
2705
332
332
333
335
336
337
337
340
341
342
1108
343
857
857
346
1129
347
857
347
349
1094
350
350
350
393
350
396
352
353
947
354
1172
357
361
361
363
363
362
364
363
365
365
366
366
1480
367
368
369
370
1708
1708
1708
1708
371
1511
373
373
374
378
379
839
354
381
382
385
383
384
384
384
385
385
385
386
596
387
388
389
389
389
389
389
390
390
391
391
393
394
395
395
396
395
396
397
398
2706
615
399
399
399
399
400
401
2191
403
404
403
403
405
403
403
403
403
406
325
408
408
408
408
409
410
411
412
413
414
414
414
414
414
414
414
414
414
415
415
413
413
416
416
417
417
416
418
419
420
421
422
422
422
422
422
422
423
423
423
423
423
423
423
420
420
418
418
425
426
280
427
428
614
429
431
432
433
975
434
435
436
438
438
438
438
442
444
444
444
2707
445
446
446
446
446
447
447
448
451
452
860
457
860
1205
455
860
2708
860
860
457
457
860
458
459
459
458
459
459
459
460
272
461
411
1198
217
217
217
463
464
467
468
467
467
469
470
471
467
472
473
2709
2710
478
478
478
478
476
477
478
478
479
480
682
481
484
484
483
484
485
852
489
113
113
480
493
492
493
2711
493
1071
494
496
495
496
496
497
495
498
499
499
502
503
777
2138
502
504
505
502
504
504
506
816
816
816
507
508
509
509
509
510
511
512
511
512
513
511
513
512
514
515
515
515
516
516
516
517
518
1207
1208
1210
1211
519
520
520
520
521
522
522
1373
523
524
525
524
524
1471
741
527
529
532
531
532
533
2712
2713
1086
535
98
536
2611
538
1266
539
540
541
543
544
545
546
548
1220
549
550
553
554
554
555
1324
1324
557
558
559
559
559
559
559
560
561
565
565
566
568
569
570
571
572
572
930
54
985
573
570
574
738
575
572
572
576
1205
2342
2342
2342
2342
1566
1372
196
579
579
580
580
580
580
580
580
580
580
90
580
90
90
90
93
581
1511
582
583
1223
584
1029
1029
552
552
552
552
586
723
966
590
591
592
593
594
595
838
596
598
598
598
599
601
601
603
604
605
281
744
2320
336
607
608
609
610
610
610
610
610
610
611
611
611
611
611
611
611
612
612
612
612
612
612
612
612
612
2622
2622
613
614
614
614
614
614
614
614
614
614
614
615
615
615
615
615
613
2384
618
619
619
932
620
87
621
623
624
623
623
623
1155
1206
1209
625
626
629
688
627
629
629
2714
628
628
629
629
688
630
631
632
633
817
1372
634
635
638
639
672
673
676
674
2437
675
1482
680
688
690
691
693
694
695
697
699
699
699
698
698
1742
1684
1469
1469
701
702
705
704
706
631
709
710
825
710
710
768
1123
2408
712
713
718
718
720
720
720
720
720
721
722
722
723
93
724
722
816
725
525
726
727
1178
728
731
732
733
735
735
735
734
735
735
736
736
736
1611
737
193
976
2610
742
1511
1511
860
1511
747
748
1155
753
754
755
756
757
318
758
759
758
1467
760
1155
2241
766
766
766
767
768
768
769
769
770
771
772
772
773
774
775
775
775
776
777
779
779
779
1126
2715
783
784
784
2716
1661
785
786
787
787
788
791
791
801
801
802
803
804
804
804
804
804
803
1047
1376
805
806
807
808
809
810
811
812
813
806
815
816
816
818
818
817
818
819
820
820
820
822
823
824
824
824
824
824
824
825
826
2342
831
831
831
113
450
288
834
835
881
348
845
845
845
845
845
846
846
847
847
847
848
848
849
849
850
2717
2718
2719
542
542
854
854
860
861
862
1602
1602
863
863
863
864
865
434
1677
745
866
868
870
345
872
872
872
874
1306
1306
1306
876
877
860
860
860
860
860
160
879
2342
2263
880
1269
881
1713
1714
882
883
884
885
886
1274
888
888
888
888
889
891
891
894
894
894
894
894
894
894
895
895
895
895
896
900
897
898
899
901
901
900
901
901
902
903
1628
904
930
908
906
907
907
909
910
909
912
912
912
912
912
1586
913
913
913
914
266
915
916
1288
918
919
923
923
924
925
925
924
925
925
927
927
927
927
927
927
927
1824
929
937
937
937
937
937
937
937
937
937
937
937
937
937
938
881
817
926
1267
940
6
941
942
943
944
947
353
949
952
952
952
952
952
1122
1086
954
955
956
958
959
959
961
2191
965
966
1382
969
969
970
2184
972
932
2039
973
974
1343
975
976
631
977
978
1172
979
978
980
981
982
983
984
2106
985
986
2031
987
988
989
990
428
991
991
873
993
354
1272
926
995
996
997
997
1372
998
1372
1372
999
1000
2339
2340
1001
1001
1001
1001
1001
1001
1001
1001
1001
1001
1001
1001
1001
1001
2720
1002
1003
1004
1005
1006
1006
1003
1067
723
1623
551
1007
1010
1011
1012
1013
1014
1015
1708
1016
1017
1018
817
1019
1019
883
1020
1021
1022
1022
1022
1022
1319
1023
1023
1023
1023
1025
1026
1027
1028
1028
1028
1029
1030
1031
1032
1033
1034
1036
1038
1036
1040
1040
1041
1053
570
318
1042
2721
1043
1196
1044
1045
1186
1046
2184
1048
1048
1049
1050
1051
93
1052
1054
1055
1055
1055
157
1056
1056
1056
1056
1057
738
1058
552
1002
1060
1060
1060
1060
1060
1061
1066
2722
1067
1067
1067
1067
13
1068
1070
1069
1071
1072
1073
1073
743
743
934
1442
1074
577
1075
1077
1076
239
1077
1076
1078
1079
1079
1080
1081
1082
1083
1084
1089
1090
1096
1091
1092
1180
1093
1094
1095
1096
1096
1098
1100
1103
2263
1106
817
2302
1109
1109
1109
1109
1109
1109
1112
1114
1113
1115
1122
1069
1028
1069
1123
309
1193
318
1124
1172
1125
1564
1123
1126
1127
1127
1127
1128
1130
1134
1131
1131
1131
1134
1133
1134
1134
1134
1131
1134
1134
1134
1134
1134
1135
1135
1135
1135
1135
1136
1136
1136
1137
1137
1137
1139
1139
1140
1141
1142
1143
1143
1144
1145
1146
1147
2723
1152
1153
926
1154
1155
926
591
1159
1661
1160
1602
723
1168
1170
1171
1172
1173
1174
1175
1511
1176
1190
475
1178
1179
98
1180
1181
1182
1183
1184
1197
1197
1197
1186
1186
1196
1184
1184
1184
1185
1186
1186
1197
1199
1186
1200
1372
1187
1197
1197
1186
1188
1187
2263
1197
1186
1189
1708
2263
1190
1372
1186
1199
1184
1184
1202
1191
1192
743
916
1193
196
1195
1197
1199
1186
1196
1198
1186
1185
1197
1199
1198
1199
1186
817
1200
1197
1196
1197
1201
1202
140
1206
1207
1208
1209
1210
1209
1211
1212
1206
1208
1209
1210
1211
1212
1206
1208
1211
1212
1191
1191
1191
1222
1222
1224
1224
1225
2724
1226
1227
1228
1586
1233
1233
929
1254
1255
1255
1255
1255
1255
1256
1257
1257
1258
1259
1261
1260
1262
1263
1263
1264
1264
1264
1264
1265
1269
1266
1367
1267
1367
1268
1270
1270
1271
1854
1272
1273
1274
1275
1276
1277
1278
1279
1280
2430
763
1165
1284
1285
1285
1286
1286
1287
1442
1442
1442
1442
1442
2241
2241
2241
1289
1289
1289
1289
1289
1289
1292
1293
1155
1296
1297
1298
1299
1300
1301
2725
2726
1303
1304
1305
2610
1274
1306
1307
1308
1309
1310
1311
1314
1315
1316
1317
1317
1318
1496
1496
1319
2477
1320
1193
1193
1321
2119
1322
1323
1324
1324
1324
1324
1324
1325
1327
1329
1330
1331
1331
1332
1333
1338
1264
1264
1264
1264
456
1340
1341
1342
1217
631
1343
1345
664
1348
1349
1350
1071
1352
1352
1356
1356
1356
1356
1290
1357
1357
1357
1357
1357
1358
693
1359
1360
1360
1361
1362
1367
842
1368
1370
1368
1368
1368
1368
971
926
1370
1371
1371
1371
1371
1372
1373
1373
1209
1374
727
1375
1378
1379
1380
966
1381
1381
1381
1624
1382
1383
1624
1624
1384
1385
1854
1386
1386
1386
1388
1389
1390
1392
1427
1394
646
648
668
1396
1397
1397
1398
1399
1400
1401
1402
985
1403
1200
1407
1407
1407
1407
1407
1407
1408
98
1409
657
660
977
817
1411
1412
1413
1195
1415
1416
1418
1418
327
1198
1373
1420
1422
95
1424
1425
1426
978
1427
1373
1427
1428
439
1428
1430
1432
2106
239
1433
1337
1434
1435
1436
1437
1437
1437
1437
1437
1438
1438
1438
1439
1440
1440
1440
1441
1445
1445
1446
1447
1447
977
1448
1449
1162
1455
1456
1458
1457
1458
1460
1459
1460
1461
1461
1462
928
1463
1464
758
1466
1466
1465
1465
1467
2106
268
494
1470
1470
1470
1475
1475
1471
1471
1471
1471
1471
1471
1471
1471
1472
1472
1472
1136
1136
1136
1136
1136
1136
1474
1475
1475
1471
1136
190
1136
1476
1476
1477
464
2284
1479
1481
1482
1483
1484
1484
1485
1486
1486
1486
1486
1487
1158
1488
1489
1490
1491
860
860
704
304
1494
1290
1290
1291
1290
576
1495
1495
1269
1496
201
201
201
1497
233
1498
2727
1503
1499
1500
166
1501
1501
1502
1503
1503
1503
1504
730
188
358
873
873
1115
814
526
814
1505
173
1506
1507
1509
1214
328
1508
1509
1510
683
1511
443
306
1512
1513
1513
375
1514
1515
1516
1517
1518
1518
1518
301
1519
1520
1521
1522
1523
1523
1523
2409
1524
1524
837
1525
1525
1526
1526
1527
1528
1529
1530
1530
1531
1532
1533
1533
1533
1533
1534
782
782
782
782
781
1535
1536
1537
1538
1538
1538
1538
1539
1540
1540
1541
1542
1543
1544
1545
99
678
32
1116
1546
60
1548
1549
441
441
1555
1550
1551
1552
1553
1554
1258
16
1367
1558
765
1559
1560
1369
1482
1561
1562
1563
1564
35
926
1565
1566
1567
1568
1044
1569
1570
1571
1572
205
1573
1573
1035
1574
1575
1101
1576
127
1577
1578
1147
1147
1033
234
1097
1097
1579
1579
1580
1361
1577
480
50
47
49
480
480
480
480
480
1582
1583
432
1584
1585
1585
1586
1586
1587
359
359
359
156
1588
1589
1363
1590
236
351
350
235
1592
1593
1594
1595
1596
1597
1598
1599
1600
1454
1601
187
186
1602
1602
1355
1603
1604
1605
516
1156
1606
1605
723
1607
1608
1608
1609
1610
1610
597
1611
1612
1612
1613
1146
1620
1614
1615
1616
2728
2729
1617
1618
1619
1621
1623
1624
1625
1626
1382
838
1627
1628
1628
1628
1628
1629
1629
1629
2617
1632
1633
1634
1635
994
1648
1636
1637
1638
1639
1640
1641
1642
1642
1642
1643
1648
1648
1645
1646
1647
1149
1648
1649
1650
617
1651
1652
1653
1654
844
1655
1656
1657
1660
1659
1660
1661
1662
1663
1670
1664
1665
1669
1661
1670
1671
1025
1025
563
1674
762
1675
1676
1677
1677
737
1678
1679
1681
1682
1683
1677
1684
1685
1686
1335
1691
1687
1689
1689
1335
1335
1335
1335
1690
1691
1691
1692
1162
1695
488
169
1696
1697
1474
1421
1698
602
488
488
338
1232
2730
1231
338
992
992
992
992
1703
2433
2731
490
1704
1704
1705
1706
1707
1164
1708
793
1709
966
1710
1711
1712
794
1314
159
1336
840
577
1716
578
966
1717
2441
578
578
578
578
578
1718
148
1719
1720
739
739
739
890
1721
290
1722
1725
1726
1727
1729
1730
344
1732
1733
1734
1742
738
1735
1068
2732
1737
1738
1223
1739
1740
1741
1744
1745
1745
948
1746
1746
1746
1093
1747
1748
1163
1750
1749
1406
1406
528
1750
1406
1751
1087
1754
1758
1755
2449
1088
1087
1756
1756
1756
1756
1756
1756
1756
1756
1757
1758
1760
1452
1123
707
6
6
7
1762
1417
1123
1104
1765
1765
1765
1765
2454
2733
2734
1766
1767
1768
1770
1768
963
963
963
963
1771
1148
1039
1773
790
1774
1780
1782
1788
1788
1789
1790
1793
1796
778
330
1797
1798
1799
1800
1801
750
751
749
749
1809
1809
1809
294
294
1810
1811
1812
919
2485
1818
1822
1819
1824
1824
1393
1825
1826
1827
547
796
1832
1837
1840
1847
1339
1849
1841
1842
1843
1849
1849
1849
1849
1854
63
181
1855
1857
126
1861
1861
1861
869
965
1863
832
1865
1865
1866
1867
1868
1869
1870
1871
1872
1873
1874
1875
719
1876
1877
1878
1878
1879
1880
1881
1882
929
1883
1884
1885
1204
2620
1053
1886
2619
2620
1221
1894
276
1895
1895
1896
1451
1897
453
1391
1899
1900
1900
1900
276
1902
1903
1904
1905
1905
1906
1912
1907
1908
1909
2735
276
562
1913
1913
1916
1917
1917
1918
1921
1922
1923
1923
1923
1923
1923
1924
1925
2736
1927
792
1928
1929
1930
792
792
1935
1938
1939
1940
1941
1941
1941
1941
1942
853
1944
1944
1944
1944
1945
1946
1947
1947
833
957
957
957
957
1958
433
1948
1949
1950
1951
1952
939
1157
1953
1954
1948
1282
1955
1956
1957
1960
1960
1960
1960
1961
1962
1963
1964
1964
1965
1966
1967
1968
1969
1970
935
804
1975
1976
1977
1978
1983
1984
1047
1047
1986
1988
1989
1990
1991
1994
1994
1997
1998
2001
2001
2001
2001
2008
2009
2009
361
2010
2011
2012
2014
2015
878
2017
33
936
2023
2024
2032
2033
2033
2034
596
679
2035
2036
596
2037
2038
679
1105
2049
2041
2042
2043
2044
1165
331
2045
2046
2049
2048
2048
1200
887
2737
2052
2053
2054
2055
2055
2056
1177
1177
2057
2057
2058
2058
2059
2060
2060
2060
921
2061
2062
219
217
752
2069
2063
2066
2065
2070
681
922
2071
2079
2072
2074
2074
1410
681
1230
2076
2547
2077
2078
2079
1328
2080
2080
2080
2081
2081
2082
2738
2084
556
556
1028
2085
2086
2087
214
2089
934
2092
4
2093
2094
2095
2097
1478
2101
2102
2103
2104
2105
2106
1261
2615
2107
1261
1261
2108
2109
2112
2112
2739
2740
2113
2113
2114
2115
2116
86
867
198
198
2117
198
2118
1404
1220
1404
2120
2121
2741
2122
2123
2123
2123
2123
2123
881
2124
2125
2126
2742
493
2131
2132
2132
2133
1383
1383
1383
2137
2623
2138
430
2139
2140
606
2141
1419
2743
2145
1099
1099
2147
1418
875
2148
2149
2150
2151
2151
376
2152
2152
1161
2153
2154
2155
1064
1334
2156
2157
2157
475
475
475
474
2158
2159
2160
2161
2161
2744
2745
2162
2746
2747
1357
475
1310
817
2163
743
743
743
345
917
743
2164
2165
2166
2167
2167
2168
2168
2169
2170
2171
2163
2172
2173
2174
2172
2172
1736
2175
891
891
891
893
274
2176
2177
2178
3
3
3
2
231
2748
325
2179
2180
2182
2182
2749
2750
2184
2185
2186
2187
2187
2187
2187
143
182
551
552
552
552
552
552
552
552
2188
2188
2188
2188
705
2189
2189
2189
2190
1414
2191
2192
2193
440
440
2751
2752
440
440
2194
2194
2194
2194
2194
2194
2195
2195
2196
2197
2198
392
534
534
2753
2199
2200
1219
912
2201
2202
2213
2203
1219
2204
2205
1294
2206
2207
2208
17
2209
2210
2211
2212
565
465
1296
2213
2213
2214
2754
2215
2216
2217
1450
2218
1046
2219
2220
465
465
463
463
2221
2222
2223
2224
2225
2226
2227
2228
2229
138
138
138
138
2230
2231
139
139
139
2232
356
2233
2234
640
644
645
640
641
643
650
663
665
2755
669
670
2235
2236
1348
2237
491
2238
2239
1473
2594
2240
2241
2241
2241
2241
2241
2242
2243
2244
2244
2245
1144
2246
2247
2248
2249
2249
2250
2251
2252
2253
537
537
537
2255
2256
729
2257
2258
2259
2259
1283
2260
905
2261
2262
25
2265
2266
2756
2267
2268
2268
2268
2269
2270
2270
2271
2272
2273
2274
170
2757
2275
797
2276
146
2277
2277
2278
2279
171
172
146
146
1107
1107
2280
2280
2758
2281
2282
2283
2759
2284
2284
1429
2760
2287
2287
2288
1151
1150
1013
2289
1169
1430
1430
1354
2761
2762
985
2290
2291
1121
2292
2293
2294
1423
2295
2295
2296
2297
2297
2298
2299
2300
2300
2300
2301
2301
2302
2302
2302
2303
2304
2305
1138
2306
402
2307
2308
2309
2309
2310
2311
372
372
2312
2313
2763
2314
2315
2316
2317
930
1213
2318
2319
2621
1059
2321
1167
967
2322
2322
2322
2322
2323
2324
2624
2325
2325
324
1062
2326
2326
2327
2328
2329
2330
2331
22
22
2332
799
799
799
2333
53
1183
1183
1183
1183
2334
2334
355
303
29
2335
275
275
2336
2336
2337
2338
1024
928
2342
2342
2343
2344
2345
2346
2347
2348
2348
1058
1216
953
2349
2350
2613
2352
2608
855
928
2351
2351
2352
2352
2352
2353
2354
2355
1444
1443
2356
2357
2358
2359
1203
2360
2764
2361
2362
2363
2364
2365
2367
2368
2368
2369
2370
2765
2766
2371
892
2372
2372
2373
2767
2374
2375
2375
2375
2376
2380
2377
2378
892
2379
2392
2381
2382
2383
2384
2384
708
2385
2386
2387
2387
798
798
2388
2388
2389
2390
2391
2768
1346
2392
2393
2398
2394
2394
591
2395
2396
2397
2399
2400
2401
2402
1218
2403
2403
2404
2405
2406
2409
1523
2410
837
689
1523
1523
2411
2416
2412
2413
2414
2414
2414
2415
2416
2417
780
2418
2419
2421
2422
761
48
48
48
2769
386
236
235
235
235
1365
827
1431
2425
2426
2427
194
2429
487
487
487
486
2432
789
2435
1166
2436
2436
2437
2438
2439
2441
2441
2441
2441
2441
2442
2442
2443
2444
2448
2451
1453
2453
2455
1768
963
2457
749
2470
2472
2478
2482
2483
1339
1339
1339
1339
2486
2489
1861
2499
2500
1875
2509
2515
2516
2517
800
2518
326
2519
2519
1111
1110
858
2522
66
1114
2529
2530
2532
2533
2533
2534
2534
2534
2535
2536
2537
2770
2060
2543
2546
1102
2547
2548
2551
2553
2554
2554
2555
2557
2558
2559
2560
2561
2562
2563
2563
2564
2565
2566
305
2567
2568
932
932
932
644
644
644
2571
2571
2572
2572
2572
2573
2574
2575
2576
2577
2578
2578
2578
2579
2580
2581
292
2582
2583
2584
2585
2586
2586
2586
2586
2586
2587
2587
700
700
2588
2589
2590
2590
2590
585
585
585
585
931
2591
2592
2592
600
2771
2593
2596
945
2597
2598
2599
2600
2601
2602
2603
2604
2605
2606
2607
2607
2607
2608
2772
2773
2608
2614
2616
2618
2625
